%YAML:1.0
---
points: [ 4.39519287e+02, 2.76186646e+02, 4.43448059e+02, 3.10821106e+02,
    4.47121643e+02, 3.45196198e+02, 4.50567291e+02, 3.79250397e+02,
    4.54488983e+02, 4.12736481e+02, 4.01749237e+02, 2.75625824e+02,
    4.05783783e+02, 3.10704865e+02, 4.09612640e+02, 3.45438568e+02,
    4.13637878e+02, 3.79905396e+02, 4.17582642e+02, 4.13782104e+02,
    3.63199768e+02, 2.75198547e+02, 3.67332306e+02, 3.10627808e+02,
    3.71511688e+02, 3.45732910e+02, 3.75637604e+02, 3.80652039e+02,
    3.79832428e+02, 4.14849335e+02, 3.23550659e+02, 2.74663849e+02,
    3.28101624e+02, 3.10582123e+02, 3.32538452e+02, 3.46104614e+02,
    3.36985352e+02, 3.81384277e+02, 3.41141418e+02, 4.16102203e+02,
    2.83278809e+02, 2.74289368e+02, 2.87801910e+02, 3.10547638e+02,
    2.92453033e+02, 3.46396820e+02, 2.97023621e+02, 3.82032806e+02,
    3.01687897e+02, 4.17230469e+02, 2.42051773e+02, 2.73809387e+02,
    2.46734695e+02, 3.10541107e+02, 2.51512375e+02, 3.46738129e+02,
    2.56205994e+02, 3.82742371e+02, 2.60886810e+02, 4.18421051e+02,
    1.99986969e+02, 2.73589630e+02, 2.04857071e+02, 3.10622681e+02,
    2.09605835e+02, 3.47330078e+02, 2.14643448e+02, 3.83558807e+02,
    2.19566620e+02, 4.19623199e+02 ]
