%YAML:1.0
---
points: [ 1.55269714e+02, 5.41027412e+01, 1.55263611e+02, 6.83306427e+01,
    1.55047394e+02, 8.25504684e+01, 1.55040115e+02, 9.65059891e+01,
    1.55107086e+02, 1.10539482e+02, 1.41303207e+02, 5.33884277e+01,
    1.41043457e+02, 6.75736465e+01, 1.41127609e+02, 8.17473526e+01,
    1.41124222e+02, 9.57588196e+01, 1.41199173e+02, 1.09783524e+02,
    1.27078758e+02, 5.26114120e+01, 1.27034294e+02, 6.67867126e+01,
    1.26945107e+02, 8.07897110e+01, 1.26993752e+02, 9.49380493e+01,
    1.27005989e+02, 1.08971146e+02, 1.13092621e+02, 5.18631477e+01,
    1.12891556e+02, 6.59525757e+01, 1.12899483e+02, 8.02414322e+01,
    1.12900330e+02, 9.43781052e+01, 1.12946045e+02, 1.08488457e+02,
    9.89387436e+01, 5.14132118e+01, 9.89120636e+01, 6.56238556e+01,
    9.87809601e+01, 7.96962662e+01, 9.87957840e+01, 9.37745667e+01,
    9.88004684e+01, 1.07744293e+02, 8.50261765e+01, 5.08729439e+01,
    8.47197571e+01, 6.48897705e+01, 8.47196198e+01, 7.89896088e+01,
    8.47051086e+01, 9.30657349e+01, 8.47354507e+01, 1.07120239e+02,
    7.10634460e+01, 5.05959053e+01, 7.09278336e+01, 6.46672134e+01,
    7.06935120e+01, 7.85935211e+01, 7.07184830e+01, 9.27165756e+01,
    7.06704483e+01, 1.06660545e+02 ]
