%YAML:1.0
---
points: [ 6.11574219e+02, 1.22329742e+02, 6.11616943e+02, 1.63743835e+02,
    6.11662720e+02, 2.04751450e+02, 6.11728394e+02, 2.45591965e+02,
    6.11827881e+02, 2.86114227e+02, 5.70350037e+02, 1.19198112e+02,
    5.70356567e+02, 1.60672592e+02, 5.70671875e+02, 2.02171646e+02,
    5.71051880e+02, 2.43205048e+02, 5.71165283e+02, 2.83511536e+02,
    5.28773376e+02, 1.15974266e+02, 5.29196411e+02, 1.57897034e+02,
    5.29424500e+02, 1.99296555e+02, 5.29713196e+02, 2.40318634e+02,
    5.30167542e+02, 2.81248383e+02, 4.87190521e+02, 1.13131386e+02,
    4.87520172e+02, 1.55088104e+02, 4.88210327e+02, 1.96804504e+02,
    4.88644135e+02, 2.37945938e+02, 4.89097198e+02, 2.78737579e+02,
    4.45145294e+02, 1.10156342e+02, 4.45662415e+02, 1.52174469e+02,
    4.46453918e+02, 1.93843964e+02, 4.46837494e+02, 2.35197983e+02,
    4.47577759e+02, 2.76303070e+02, 4.02910858e+02, 1.07315201e+02,
    4.03519196e+02, 1.49450134e+02, 4.04302826e+02, 1.91267288e+02,
    4.05002777e+02, 2.32719269e+02, 4.05614258e+02, 2.73841003e+02,
    3.60495544e+02, 1.04377319e+02, 3.61293121e+02, 1.46515045e+02,
    3.61838440e+02, 1.88481247e+02, 3.62642303e+02, 2.30095230e+02,
    3.63572052e+02, 2.71440033e+02 ]
