%YAML:1.0
---
points: [ 1.47693741e+02, 8.53692627e+01, 1.47524796e+02, 9.71760483e+01,
    1.47065933e+02, 1.08874298e+02, 1.46781815e+02, 1.20752884e+02,
    1.46720474e+02, 1.32630356e+02, 1.35673538e+02, 8.45587158e+01,
    1.35246719e+02, 9.62981720e+01, 1.34893845e+02, 1.08108063e+02,
    1.34759003e+02, 1.19938934e+02, 1.34616150e+02, 1.31805481e+02,
    1.23502853e+02, 8.36649933e+01, 1.22962181e+02, 9.55853348e+01,
    1.22745659e+02, 1.07402657e+02, 1.22642792e+02, 1.19308708e+02,
    1.22309769e+02, 1.30948929e+02, 1.11210320e+02, 8.28295059e+01,
    1.10783607e+02, 9.47289581e+01, 1.10665558e+02, 1.06667236e+02,
    1.10263504e+02, 1.18627037e+02, 1.09864456e+02, 1.30536667e+02,
    9.87958679e+01, 8.19895477e+01, 9.86552734e+01, 9.38843918e+01,
    9.82269287e+01, 1.05803528e+02, 9.77734909e+01, 1.17746254e+02,
    9.77050095e+01, 1.29712799e+02, 8.67588730e+01, 8.14465942e+01,
    8.62047806e+01, 9.32116623e+01, 8.57612457e+01, 1.05145058e+02,
    8.55906754e+01, 1.17019821e+02, 8.51047821e+01, 1.29001678e+02,
    7.44992294e+01, 8.06343994e+01, 7.39040833e+01, 9.27065887e+01,
    7.35994492e+01, 1.04503334e+02, 7.30242081e+01, 1.16598579e+02,
    7.27534027e+01, 1.28439667e+02 ]
