%YAML:1.0
---
points: [ 3.33412506e+02, 7.81775330e+02, 3.37145599e+02, 8.13024475e+02,
    3.40877472e+02, 8.43895935e+02, 3.44953613e+02, 8.74369385e+02,
    3.49196320e+02, 9.04236694e+02, 2.97869232e+02, 7.85874939e+02,
    3.01871765e+02, 8.17079834e+02, 3.06094910e+02, 8.48102905e+02,
    3.10423523e+02, 8.78309937e+02, 3.14344208e+02, 9.08786255e+02,
    2.62273560e+02, 7.89507507e+02, 2.66513092e+02, 8.20816467e+02,
    2.70829102e+02, 8.51799072e+02, 2.75350708e+02, 8.82588989e+02,
    2.79536499e+02, 9.13188232e+02, 2.26593933e+02, 7.93064575e+02,
    2.30967178e+02, 8.24518311e+02, 2.35464645e+02, 8.55696411e+02,
    2.39845551e+02, 8.86680664e+02, 2.44263748e+02, 9.17621826e+02,
    1.90571106e+02, 7.96846375e+02, 1.95230667e+02, 8.28482971e+02,
    1.99755661e+02, 8.59799011e+02, 2.03986694e+02, 8.91187805e+02,
    2.08586899e+02, 9.22131348e+02, 1.54187195e+02, 8.00667725e+02,
    1.58886414e+02, 8.32527283e+02, 1.63503922e+02, 8.64126404e+02,
    1.68161118e+02, 8.95547852e+02, 1.72579865e+02, 9.26701721e+02,
    1.17564987e+02, 8.04241699e+02, 1.22314262e+02, 8.36429016e+02,
    1.26987877e+02, 8.68299805e+02, 1.31827393e+02, 8.99789429e+02,
    1.36716202e+02, 9.30815063e+02 ]
