%YAML:1.0
---
points: [ 1.88489105e+02, 2.87018494e+02, 1.89424988e+02, 2.98615021e+02,
    1.90390656e+02, 3.10301575e+02, 1.91313629e+02, 3.21935059e+02,
    1.92331589e+02, 3.33582275e+02, 1.76680923e+02, 2.88788147e+02,
    1.77688553e+02, 3.00565155e+02, 1.78619095e+02, 3.12369171e+02,
    1.79592316e+02, 3.24181915e+02, 1.80574860e+02, 3.35978394e+02,
    1.64662491e+02, 2.90674805e+02, 1.65622787e+02, 3.02614960e+02,
    1.66653091e+02, 3.14487823e+02, 1.67627258e+02, 3.26422363e+02,
    1.68617508e+02, 3.38336945e+02, 1.52231689e+02, 2.92581421e+02,
    1.53238770e+02, 3.04648224e+02, 1.54282562e+02, 3.16661194e+02,
    1.55300171e+02, 3.28622925e+02, 1.56325241e+02, 3.40701447e+02,
    1.39679153e+02, 2.94499725e+02, 1.40672379e+02, 3.06712067e+02,
    1.41697189e+02, 3.18923309e+02, 1.42737549e+02, 3.30938751e+02,
    1.43826187e+02, 3.43070068e+02, 1.26815628e+02, 2.96556976e+02,
    1.27870155e+02, 3.08850006e+02, 1.28900070e+02, 3.21091278e+02,
    1.30002762e+02, 3.33305328e+02, 1.31089401e+02, 3.45505249e+02,
    1.13715195e+02, 2.98419189e+02, 1.14767418e+02, 3.10851440e+02,
    1.15870987e+02, 3.23313416e+02, 1.17051750e+02, 3.35662659e+02,
    1.18236252e+02, 3.47882019e+02 ]
