%YAML:1.0
---
points: [ 7.13559631e+02, 7.96986877e+02, 7.16190308e+02, 8.30515991e+02,
    7.18638184e+02, 8.64385437e+02, 7.21284119e+02, 8.98007812e+02,
    7.23691711e+02, 9.31824219e+02, 6.78917542e+02, 8.01940308e+02,
    6.81498108e+02, 8.36016968e+02, 6.84158569e+02, 8.70174988e+02,
    6.86488464e+02, 9.04178772e+02, 6.89194275e+02, 9.38513916e+02,
    6.43431580e+02, 8.07206970e+02, 6.45833618e+02, 8.41535400e+02,
    6.48532715e+02, 8.76107788e+02, 6.50932983e+02, 9.10604492e+02,
    6.53647583e+02, 9.45196594e+02, 6.06932983e+02, 8.12374939e+02,
    6.09583374e+02, 8.47215942e+02, 6.12128235e+02, 8.81985413e+02,
    6.14727905e+02, 9.17170166e+02, 6.17284729e+02, 9.52077637e+02,
    5.69762329e+02, 8.17681885e+02, 5.72427551e+02, 8.52941528e+02,
    5.75126648e+02, 8.88075073e+02, 5.77655396e+02, 9.23613586e+02,
    5.80440552e+02, 9.59017456e+02, 5.31857239e+02, 8.23226440e+02,
    5.34420349e+02, 8.59008057e+02, 5.37147522e+02, 8.94552307e+02,
    5.39622803e+02, 9.30302246e+02, 5.42477661e+02, 9.66125366e+02,
    4.92903290e+02, 8.28783203e+02, 4.95722229e+02, 8.64823853e+02,
    4.98290131e+02, 9.01144775e+02, 5.01013184e+02, 9.37241394e+02,
    5.03565369e+02, 9.73365173e+02 ]
