%YAML:1.0
---
points: [ 1.52635284e+02, 3.01907745e+02, 1.51786835e+02, 3.13415344e+02,
    1.51216553e+02, 3.24758423e+02, 1.50693527e+02, 3.35779083e+02,
    1.50035248e+02, 3.46959991e+02, 1.40739319e+02, 3.02476501e+02,
    1.40087402e+02, 3.13724976e+02, 1.39649338e+02, 3.24884766e+02,
    1.38856003e+02, 3.36414978e+02, 1.38338837e+02, 3.47718079e+02,
    1.28816452e+02, 3.02735199e+02, 1.28197937e+02, 3.14027893e+02,
    1.27668503e+02, 3.25628235e+02, 1.26901436e+02, 3.36878448e+02,
    1.26627792e+02, 3.48380768e+02, 1.16727211e+02, 3.02831543e+02,
    1.16035645e+02, 3.14565430e+02, 1.15654877e+02, 3.25886536e+02,
    1.14925591e+02, 3.37570404e+02, 1.14552460e+02, 3.48865479e+02,
    1.04617935e+02, 3.02932770e+02, 1.03804031e+02, 3.14742615e+02,
    1.03351265e+02, 3.26415680e+02, 1.02749657e+02, 3.37844482e+02,
    1.02411331e+02, 3.49458771e+02, 9.18895721e+01, 3.03423004e+02,
    9.16041031e+01, 3.14854370e+02, 9.08586426e+01, 3.26774628e+02,
    9.05320053e+01, 3.38300171e+02, 8.98817215e+01, 3.49861572e+02,
    7.95674973e+01, 3.03637085e+02, 7.88630753e+01, 3.15337982e+02,
    7.86111374e+01, 3.26874908e+02, 7.79044037e+01, 3.38755402e+02,
    7.78097382e+01, 3.50193146e+02 ]
