%YAML:1.0
---
points: [ 1.50267236e+03, 8.51396362e+02, 1.50232410e+03, 8.89492615e+02,
    1.50209827e+03, 9.27732056e+02, 1.50168701e+03, 9.66184753e+02,
    1.50138342e+03, 1.00463403e+03, 1.46119275e+03, 8.47015808e+02,
    1.46093250e+03, 8.84731995e+02, 1.46039722e+03, 9.22475464e+02,
    1.46001599e+03, 9.60333252e+02, 1.45967029e+03, 9.98504272e+02,
    1.42079895e+03, 8.42856750e+02, 1.42045581e+03, 8.79925049e+02,
    1.41997327e+03, 9.17410095e+02, 1.41944116e+03, 9.54811279e+02,
    1.41900073e+03, 9.92409485e+02, 1.38126172e+03, 8.38534424e+02,
    1.38068591e+03, 8.75343323e+02, 1.38033435e+03, 9.12060669e+02,
    1.37988391e+03, 9.49250549e+02, 1.37934277e+03, 9.86419922e+02,
    1.34305884e+03, 8.34524658e+02, 1.34240515e+03, 8.70670349e+02,
    1.34184460e+03, 9.07212769e+02, 1.34128894e+03, 9.43735168e+02,
    1.34060217e+03, 9.80436829e+02, 1.30554822e+03, 8.30500183e+02,
    1.30492285e+03, 8.66222473e+02, 1.30430103e+03, 9.02266174e+02,
    1.30355786e+03, 9.38349915e+02, 1.30295007e+03, 9.74679321e+02,
    1.26930957e+03, 8.26630066e+02, 1.26844592e+03, 8.61771667e+02,
    1.26763354e+03, 8.97351501e+02, 1.26679370e+03, 9.33242859e+02,
    1.26621326e+03, 9.68971130e+02 ]
