%YAML:1.0
---
points: [ 4.60927277e+02, 3.02507629e+02, 4.60657990e+02, 3.15095490e+02,
    4.60304291e+02, 3.28071167e+02, 4.59725281e+02, 3.40668884e+02,
    4.59244202e+02, 3.53441345e+02, 4.47320953e+02, 3.01372986e+02,
    4.46926300e+02, 3.14069641e+02, 4.46680878e+02, 3.26809082e+02,
    4.46260468e+02, 3.39504242e+02, 4.45757263e+02, 3.52041229e+02,
    4.33685577e+02, 3.00308105e+02, 4.33512268e+02, 3.12816101e+02,
    4.33030731e+02, 3.25659302e+02, 4.32733093e+02, 3.38061951e+02,
    4.32526062e+02, 3.50726593e+02, 4.20116516e+02, 2.99099213e+02,
    4.19843536e+02, 3.11746552e+02, 4.19756500e+02, 3.24160797e+02,
    4.19570892e+02, 3.36667938e+02, 4.19001099e+02, 3.49072845e+02,
    4.06818024e+02, 2.97897552e+02, 4.06714813e+02, 3.10274170e+02,
    4.06637848e+02, 3.22867981e+02, 4.06208588e+02, 3.35169586e+02,
    4.05911469e+02, 3.47671356e+02, 3.93822754e+02, 2.96799164e+02,
    3.93728363e+02, 3.09080475e+02, 3.93637177e+02, 3.21428162e+02,
    3.93380432e+02, 3.33704559e+02, 3.92892853e+02, 3.45954163e+02,
    3.80980530e+02, 2.95656891e+02, 3.80864990e+02, 3.07812134e+02,
    3.80741974e+02, 3.19925720e+02, 3.80659912e+02, 3.32165924e+02,
    3.80437836e+02, 3.44338074e+02 ]
