%YAML:1.0
---
points: [ 1.73271252e+03, 8.12088074e+02, 1.73468140e+03, 8.54342773e+02,
    1.73684668e+03, 8.96342651e+02, 1.73852856e+03, 9.38091125e+02,
    1.74022571e+03, 9.79453308e+02, 1.68248889e+03, 8.08858337e+02,
    1.68459497e+03, 8.50231567e+02, 1.68649622e+03, 8.91457031e+02,
    1.68845605e+03, 9.32345276e+02, 1.69028735e+03, 9.73220032e+02,
    1.63398010e+03, 8.05828613e+02, 1.63616345e+03, 8.46163086e+02,
    1.63819751e+03, 8.86542053e+02, 1.64003210e+03, 9.26733337e+02,
    1.64203906e+03, 9.66785583e+02, 1.58722119e+03, 8.02621704e+02,
    1.58941187e+03, 8.42263367e+02, 1.59138965e+03, 8.81583313e+02,
    1.59342139e+03, 9.21167786e+02, 1.59545422e+03, 9.60641479e+02,
    1.54228235e+03, 7.99566040e+02, 1.54421887e+03, 8.38326721e+02,
    1.54639807e+03, 8.76983459e+02, 1.54843164e+03, 9.16244873e+02,
    1.55039758e+03, 9.54720764e+02, 1.49867493e+03, 7.96653198e+02,
    1.50071277e+03, 8.34663391e+02, 1.50271118e+03, 8.72676270e+02,
    1.50491174e+03, 9.10904968e+02, 1.50673267e+03, 9.49195618e+02,
    1.45685901e+03, 7.93619995e+02, 1.45889465e+03, 8.31151367e+02,
    1.46078528e+03, 8.68586670e+02, 1.46290845e+03, 9.06178955e+02,
    1.46498096e+03, 9.43379761e+02 ]
