%YAML:1.0
---
points: [ 4.58115601e+02, 2.98234650e+02, 4.58193512e+02, 3.11568726e+02,
    4.58045044e+02, 3.24888702e+02, 4.57820587e+02, 3.38157288e+02,
    4.57758606e+02, 3.51603485e+02, 4.43903992e+02, 2.97283844e+02,
    4.43936646e+02, 3.10631714e+02, 4.43849792e+02, 3.23768677e+02,
    4.43796051e+02, 3.36959412e+02, 4.43706818e+02, 3.50212616e+02,
    4.29812042e+02, 2.96518646e+02, 4.29888031e+02, 3.09466888e+02,
    4.29891998e+02, 3.22706726e+02, 4.29805878e+02, 3.35647827e+02,
    4.29873596e+02, 3.48889008e+02, 4.16112732e+02, 2.95391266e+02,
    4.16161041e+02, 3.08336090e+02, 4.16153687e+02, 3.21301422e+02,
    4.16154572e+02, 3.34308441e+02, 4.15866058e+02, 3.47366455e+02,
    4.02676819e+02, 2.94456329e+02, 4.02708191e+02, 3.07110504e+02,
    4.02686096e+02, 3.19999359e+02, 4.02626129e+02, 3.32903748e+02,
    4.02722260e+02, 3.45924591e+02, 3.89411743e+02, 2.93417328e+02,
    3.89440308e+02, 3.05867950e+02, 3.89423798e+02, 3.18706665e+02,
    3.89441406e+02, 3.31444672e+02, 3.89167084e+02, 3.44238708e+02,
    3.76559845e+02, 2.92327606e+02, 3.76489441e+02, 3.04793152e+02,
    3.76414764e+02, 3.17355713e+02, 3.76304871e+02, 3.29959320e+02,
    3.76247833e+02, 3.42711609e+02 ]
