%YAML:1.0
---
points: [ 1.42325696e+03, 2.08672974e+02, 1.42223792e+03, 2.51084869e+02,
    1.42112952e+03, 2.93395538e+02, 1.42010144e+03, 3.35632782e+02,
    1.41874036e+03, 3.78094025e+02, 1.37779541e+03, 2.13199493e+02,
    1.37663013e+03, 2.54779373e+02, 1.37550989e+03, 2.96619629e+02,
    1.37445764e+03, 3.38376709e+02, 1.37349500e+03, 3.79918823e+02,
    1.33348621e+03, 2.17292175e+02, 1.33250427e+03, 2.58468842e+02,
    1.33148547e+03, 2.99479706e+02, 1.33018494e+03, 3.40710815e+02,
    1.32925842e+03, 3.81707642e+02, 1.29057117e+03, 2.21483719e+02,
    1.28955261e+03, 2.62067932e+02, 1.28836914e+03, 3.02673584e+02,
    1.28733069e+03, 3.43257568e+02, 1.28622156e+03, 3.83491150e+02,
    1.24875061e+03, 2.25401749e+02, 1.24779395e+03, 2.65532745e+02,
    1.24664087e+03, 3.05637299e+02, 1.24556641e+03, 3.45406738e+02,
    1.24453455e+03, 3.85398651e+02, 1.20814734e+03, 2.29396408e+02,
    1.20718164e+03, 2.68927216e+02, 1.20600183e+03, 3.08308838e+02,
    1.20520911e+03, 3.47759949e+02, 1.20397729e+03, 3.87009247e+02,
    1.16858643e+03, 2.33339371e+02, 1.16758569e+03, 2.72120087e+02,
    1.16646167e+03, 3.11095978e+02, 1.16543799e+03, 3.49808167e+02,
    1.16453027e+03, 3.88513428e+02 ]
