%YAML:1.0
---
points: [ 4.35720459e+02, 8.28298645e+01, 4.35819000e+02, 9.68831406e+01,
    4.35773071e+02, 1.11581200e+02, 4.35679993e+02, 1.25749107e+02,
    4.35717102e+02, 1.40395615e+02, 4.20498627e+02, 8.37693100e+01,
    4.20403687e+02, 9.80876694e+01, 4.20316345e+02, 1.12298302e+02,
    4.20136871e+02, 1.26756378e+02, 4.19941193e+02, 1.40925522e+02,
    4.05184875e+02, 8.52559128e+01, 4.05169769e+02, 9.91992111e+01,
    4.04878723e+02, 1.13399521e+02, 4.04791931e+02, 1.27473976e+02,
    4.04660400e+02, 1.41713486e+02, 3.90437531e+02, 8.66349564e+01,
    3.90112396e+02, 1.00524612e+02, 3.89928131e+02, 1.14401604e+02,
    3.89777649e+02, 1.28358871e+02, 3.89636719e+02, 1.42446320e+02,
    3.75759613e+02, 8.79390945e+01, 3.75665161e+02, 1.01714066e+02,
    3.75341522e+02, 1.15545685e+02, 3.75083405e+02, 1.29169937e+02,
    3.74811920e+02, 1.43012009e+02, 3.61592224e+02, 8.92683640e+01,
    3.61304718e+02, 1.02859024e+02, 3.60890594e+02, 1.16569946e+02,
    3.60687622e+02, 1.30062286e+02, 3.60495453e+02, 1.43756180e+02,
    3.47629608e+02, 9.06224060e+01, 3.47341400e+02, 1.04113213e+02,
    3.46986511e+02, 1.17581001e+02, 3.46786041e+02, 1.30941986e+02,
    3.46485535e+02, 1.44403549e+02 ]
