%YAML:1.0
---
points: [ 4.55068176e+02, 7.04102936e+01, 4.55118134e+02, 8.53253326e+01,
    4.54945740e+02, 1.00586319e+02, 4.54634857e+02, 1.15242104e+02,
    4.54454437e+02, 1.30059692e+02, 4.39761108e+02, 7.13620834e+01,
    4.39626343e+02, 8.64960022e+01, 4.39513947e+02, 1.01338013e+02,
    4.39162445e+02, 1.16311989e+02, 4.38847534e+02, 1.30760452e+02,
    4.24220062e+02, 7.27222672e+01, 4.24121460e+02, 8.76638031e+01,
    4.23907074e+02, 1.02608482e+02, 4.23695984e+02, 1.16971939e+02,
    4.23700806e+02, 1.31774475e+02, 4.08815979e+02, 7.39736404e+01,
    4.08772339e+02, 8.89652863e+01, 4.08763092e+02, 1.03713081e+02,
    4.08642487e+02, 1.18174225e+02, 4.08415924e+02, 1.32652985e+02,
    3.93650177e+02, 7.54300995e+01, 3.93737854e+02, 9.02011948e+01,
    3.93675690e+02, 1.04835854e+02, 3.93616150e+02, 1.19163124e+02,
    3.93541718e+02, 1.33598465e+02, 3.78806976e+02, 7.67584686e+01,
    3.78767456e+02, 9.15928116e+01, 3.78819122e+02, 1.05988449e+02,
    3.78805298e+02, 1.20273628e+02, 3.78727783e+02, 1.34509659e+02,
    3.63950562e+02, 7.83742523e+01, 3.64170197e+02, 9.28607483e+01,
    3.64255859e+02, 1.07282196e+02, 3.64281006e+02, 1.21314217e+02,
    3.64347229e+02, 1.35346222e+02 ]
