%YAML:1.0
---
points: [ 1.70226318e+03, 1.72375473e+02, 1.69933350e+03, 2.21259613e+02,
    1.69597485e+03, 2.69251740e+02, 1.69244202e+03, 3.16175415e+02,
    1.68911987e+03, 3.61741791e+02, 1.64803296e+03, 1.78367783e+02,
    1.64523816e+03, 2.26508591e+02, 1.64252698e+03, 2.73545105e+02,
    1.63944067e+03, 3.19582794e+02, 1.63667395e+03, 3.64704132e+02,
    1.59529199e+03, 1.84439072e+02, 1.59267334e+03, 2.31647125e+02,
    1.59053455e+03, 2.77789093e+02, 1.58806494e+03, 3.23326569e+02,
    1.58571106e+03, 3.67429474e+02, 1.54366882e+03, 1.90515518e+02,
    1.54182336e+03, 2.36756638e+02, 1.53987634e+03, 2.82192596e+02,
    1.53824475e+03, 3.26659088e+02, 1.53650000e+03, 3.70251068e+02,
    1.49407654e+03, 1.96349014e+02, 1.49252759e+03, 2.41680466e+02,
    1.49131897e+03, 2.86407959e+02, 1.48990015e+03, 3.30038696e+02,
    1.48859375e+03, 3.72754547e+02, 1.44582678e+03, 2.02082062e+02,
    1.44482751e+03, 2.46612473e+02, 1.44408411e+03, 2.90520782e+02,
    1.44322693e+03, 3.33464325e+02, 1.44243469e+03, 3.75501556e+02,
    1.39939795e+03, 2.07541260e+02, 1.39894043e+03, 2.51387146e+02,
    1.39840271e+03, 2.94444641e+02, 1.39788171e+03, 3.36584045e+02,
    1.39745007e+03, 3.77928986e+02 ]
