%YAML:1.0
---
points: [ 1.17173035e+03, 4.98673553e+02, 1.17029199e+03, 5.57975403e+02,
    1.16851782e+03, 6.16964722e+02, 1.16618286e+03, 6.75216614e+02,
    1.16390710e+03, 7.32803955e+02, 1.11476721e+03, 4.97455017e+02,
    1.11339038e+03, 5.57158813e+02, 1.11160938e+03, 6.16592773e+02,
    1.10938123e+03, 6.75337830e+02, 1.10756360e+03, 7.33672729e+02,
    1.05668408e+03, 4.96162720e+02, 1.05518018e+03, 5.56367676e+02,
    1.05354590e+03, 6.16273499e+02, 1.05181140e+03, 6.75503540e+02,
    1.05026245e+03, 7.34350830e+02, 9.97304565e+02, 4.94718658e+02,
    9.95972961e+02, 5.55512756e+02, 9.94490967e+02, 6.15786865e+02,
    9.93126953e+02, 6.75615723e+02, 9.91755310e+02, 7.35139099e+02,
    9.37250305e+02, 4.93376251e+02, 9.35926208e+02, 5.54629395e+02,
    9.34568359e+02, 6.15488953e+02, 9.33639832e+02, 6.75991760e+02,
    9.32555054e+02, 7.35858704e+02, 8.75875183e+02, 4.92145416e+02,
    8.74944580e+02, 5.53913330e+02, 8.74068298e+02, 6.15206238e+02,
    8.73206421e+02, 6.76297485e+02, 8.72200439e+02, 7.36855835e+02,
    8.13484985e+02, 4.90742950e+02, 8.12787109e+02, 5.53115479e+02,
    8.12138123e+02, 6.14955750e+02, 8.11394775e+02, 6.76503540e+02,
    8.10670654e+02, 7.37607239e+02 ]
