%YAML:1.0
---
points: [ 1.18667249e+03, 4.48413910e+02, 1.18725195e+03, 5.24549683e+02,
    1.18764966e+03, 6.00398865e+02, 1.18822778e+03, 6.75648987e+02,
    1.18866650e+03, 7.50365540e+02, 1.11133276e+03, 4.49364838e+02,
    1.11223804e+03, 5.25683167e+02, 1.11273816e+03, 6.01716003e+02,
    1.11344177e+03, 6.77193481e+02, 1.11431531e+03, 7.52408142e+02,
    1.03540259e+03, 4.50220795e+02, 1.03649683e+03, 5.26870178e+02,
    1.03757263e+03, 6.03140564e+02, 1.03842639e+03, 6.78953857e+02,
    1.03936499e+03, 7.54319458e+02, 9.58916626e+02, 4.51141052e+02,
    9.60218323e+02, 5.28072937e+02, 9.61360474e+02, 6.04329346e+02,
    9.62572754e+02, 6.80485596e+02, 9.63786560e+02, 7.56073975e+02,
    8.82139465e+02, 4.52048645e+02, 8.83686768e+02, 5.29162354e+02,
    8.85124634e+02, 6.05750488e+02, 8.86434265e+02, 6.82154663e+02,
    8.87798340e+02, 7.57968506e+02, 8.05195984e+02, 4.53099152e+02,
    8.06682312e+02, 5.30243286e+02, 8.08223083e+02, 6.07232422e+02,
    8.09864746e+02, 6.83611328e+02, 8.11414062e+02, 7.59803955e+02,
    7.27422852e+02, 4.53925751e+02, 7.29240479e+02, 5.31341370e+02,
    7.30915955e+02, 6.08463196e+02, 7.32582214e+02, 6.85408569e+02,
    7.34166748e+02, 7.61744873e+02 ]
