%YAML:1.0
---
points: [ 3.76364288e+02, 1.64821106e+02, 3.76661713e+02, 1.91242584e+02,
    3.76858398e+02, 2.17513535e+02, 3.77218719e+02, 2.43573639e+02,
    3.77458923e+02, 2.69501221e+02, 3.50271332e+02, 1.65453003e+02,
    3.50595520e+02, 1.91895447e+02, 3.50879456e+02, 2.18145767e+02,
    3.51230133e+02, 2.44292374e+02, 3.51769684e+02, 2.70265656e+02,
    3.24173126e+02, 1.66211838e+02, 3.24280518e+02, 1.92474899e+02,
    3.24991638e+02, 2.19076126e+02, 3.25288574e+02, 2.45157501e+02,
    3.26000488e+02, 2.71174866e+02, 2.97653625e+02, 1.66922623e+02,
    2.98246155e+02, 1.93269699e+02, 2.98585052e+02, 2.19359650e+02,
    2.99262787e+02, 2.45729645e+02, 2.99963623e+02, 2.71932587e+02,
    2.71214020e+02, 1.67225555e+02, 2.72225739e+02, 1.94005112e+02,
    2.72344391e+02, 2.20239777e+02, 2.73308228e+02, 2.46290817e+02,
    2.73842438e+02, 2.72626556e+02, 2.45174362e+02, 1.68144897e+02,
    2.45294098e+02, 1.94212875e+02, 2.46210358e+02, 2.21189087e+02,
    2.47203491e+02, 2.47273056e+02, 2.47522415e+02, 2.73396393e+02,
    2.18292038e+02, 1.68273270e+02, 2.19273285e+02, 1.95231018e+02,
    2.20165405e+02, 2.21767670e+02, 2.20305023e+02, 2.48244431e+02,
    2.21238785e+02, 2.74334717e+02 ]
