%YAML:1.0
---
points: [ 3.52299194e+02, 1.73552841e+02, 3.52360962e+02, 1.95408661e+02,
    3.52356171e+02, 2.17205276e+02, 3.52531372e+02, 2.38736221e+02,
    3.52547363e+02, 2.59928894e+02, 3.30483673e+02, 1.74235733e+02,
    3.30761536e+02, 1.96243362e+02, 3.30913452e+02, 2.17936935e+02,
    3.31144958e+02, 2.39543747e+02, 3.31410492e+02, 2.60857788e+02,
    3.08671570e+02, 1.74852890e+02, 3.08972382e+02, 1.96922287e+02,
    3.09310730e+02, 2.18777924e+02, 3.09688019e+02, 2.40283661e+02,
    3.10122253e+02, 2.61734161e+02, 2.86726593e+02, 1.75496155e+02,
    2.87198700e+02, 1.97682877e+02, 2.87634399e+02, 2.19397324e+02,
    2.88077728e+02, 2.41058594e+02, 2.88637177e+02, 2.62575348e+02,
    2.64736816e+02, 1.76184082e+02, 2.65288330e+02, 1.98289505e+02,
    2.65879242e+02, 2.20236572e+02, 2.66562653e+02, 2.41947845e+02,
    2.66995483e+02, 2.63407043e+02, 2.42655090e+02, 1.76870102e+02,
    2.43314682e+02, 1.98925613e+02, 2.43920776e+02, 2.21098404e+02,
    2.44680817e+02, 2.42795578e+02, 2.45458328e+02, 2.64289093e+02,
    2.20350174e+02, 1.77527893e+02, 2.21171341e+02, 1.99785004e+02,
    2.22053589e+02, 2.21831696e+02, 2.22720123e+02, 2.43700836e+02,
    2.23508865e+02, 2.65393616e+02 ]
