%YAML:1.0
---
cameraMatrix: !!opencv-matrix
   rows: 3
   cols: 3
   dt: d
   data: [ 3.5805952707517184e+02, 0., 2.5564168770792926e+02, 0.,
       3.5888277021301832e+02, 2.0700364495130188e+02, 0., 0., 1. ]
distortionCoefficients: !!opencv-matrix
   rows: 1
   cols: 5
   dt: d
   data: [ 8.6944239755451846e-02, -2.7369982522864517e-01,
       -5.2660665007798156e-04, 1.3397069017477051e-03,
       1.1283795509650944e-01 ]
rotation: !!opencv-matrix
   rows: 3
   cols: 3
   dt: d
   data: [ 1., 0., 0., 0., 1., 0., 0., 0., 1. ]
projection: !!opencv-matrix
   rows: 4
   cols: 4
   dt: d
   data: [ 3.5805952707517184e+02, 0., 2.5564168770792926e+02, 0., 0.,
       3.5888277021301832e+02, 2.0700364495130188e+02, 0., 0., 0., 1.,
       0., 0., 0., 0., 1. ]
