%YAML:1.0
---
cameraMatrix: !!opencv-matrix
   rows: 3
   cols: 3
   dt: d
   data: [ 1.0282860043769863e+03, 0., 9.7704994426029577e+02, 0.,
       1.0332994830437808e+03, 5.6395289397246461e+02, 0., 0., 1. ]
distortionCoefficients: !!opencv-matrix
   rows: 1
   cols: 5
   dt: d
   data: [ 5.1325545205540647e-02, -8.4371555665897213e-02,
       2.4287753543695200e-04, 2.9292840934289381e-03,
       3.4832464738654555e-02 ]
rotation: !!opencv-matrix
   rows: 3
   cols: 3
   dt: d
   data: [ 1., 0., 0., 0., 1., 0., 0., 0., 1. ]
projection: !!opencv-matrix
   rows: 4
   cols: 4
   dt: d
   data: [ 1.0282860043769863e+03, 0., 9.7704994426029577e+02, 0., 0.,
       1.0332994830437808e+03, 5.6395289397246461e+02, 0., 0., 0., 1.,
       0., 0., 0., 0., 1. ]
