%YAML:1.0
---
depthShift: -3.0044934845716181e+01
