%YAML:1.0
---
rotation: !!opencv-matrix
   rows: 3
   cols: 3
   dt: d
   data: [ 9.9994484083312796e-01, -7.6146109047238618e-03,
       -7.2341545449335640e-03, 7.6372692521514676e-03,
       9.9996600039622829e-01, 3.1096896855555326e-03,
       7.2102295095554528e-03, -3.1647673437346304e-03,
       9.9996899793847582e-01 ]
translation: !!opencv-matrix
   rows: 3
   cols: 1
   dt: d
   data: [ -5.2606907650786482e-02, -1.2310333382932448e-04,
       -5.5629669631624091e-03 ]
essential: !!opencv-matrix
   rows: 3
   cols: 3
   dt: d
   data: [ 4.1598273248193837e-05, 5.5631674179006749e-03,
       -1.0580041638576294e-04, -5.1833522365892252e-03,
       -1.2412879448775747e-04, 5.2645520090938772e-02,
       -2.7867657470013210e-04, -5.2606056420758891e-02,
       -1.6448170665254105e-04 ]
fundamental: !!opencv-matrix
   rows: 3
   cols: 3
   dt: d
   data: [ 4.0880350891665501e-08, 5.4546145477560546e-06,
       -1.1768048623389759e-03, -5.0691803963862497e-06,
       -1.2111618620543611e-07, 1.9755988095896605e-02,
       2.5372231609272766e-03, -5.8299672781460934e-02, 1. ]
